1642780912552 4.152586936950684 938
1642780915033 4.1293745040893555 1138
1642780917473 4.082340717315674 1338
1642780919936 4.046936988830566 1538
1642780922449 3.914672374725342 1738
1642780925436 3.8227734565734863 1876
1642780927906 3.7819032669067383 2076
1642780930390 3.501396894454956 2276
1642780932833 3.5371575355529785 2476
1642780935303 3.3189730644226074 2676
1642780938248 3.2787814140319824 2814
1642780940789 3.112732410430908 3014
1642780943306 3.349846601486206 3214
1642780945879 3.0026636123657227 3414
1642780948411 3.0516858100891113 3614
1642780951320 3.0076558589935303 3752
1642780953807 3.028388261795044 3952
1642780956407 3.300851345062256 4152
1642780958897 2.8752360343933105 4352
1642780961356 2.784318208694458 4552
1642780964171 2.850593328475952 4690
1642780966542 2.841637134552002 4890
1642780969047 2.9206812381744385 5090
1642780971548 3.00219988822937 5290
1642780973983 3.0718069076538086 5490
1642780977021 2.6518328189849854 5628
1642780979495 2.6961307525634766 5828
1642780982048 2.691371440887451 6028
1642780984541 2.541240930557251 6228
1642780987092 2.7280983924865723 6428
1642780990138 2.6387581825256348 6566
1642780992615 2.6936399936676025 6766
1642780995112 2.7785444259643555 6966
1642780997609 2.6738083362579346 7166
1642781000052 2.5500919818878174 7366
1642781003059 2.453383207321167 7504
1642781005515 2.501948356628418 7704
1642781008095 2.5654444694519043 7904
1642781010591 2.6344571113586426 8104
1642781013076 2.357884645462036 8304
1642781016143 2.5797317028045654 8442
1642781018723 2.543309211730957 8642
1642781021254 2.597473621368408 8842
1642781023707 2.3686652183532715 9042
1642781026148 2.435265064239502 9242
1642781029138 2.5338799953460693 9380
1642781031729 2.555729389190674 9580
1642781034288 2.5537328720092773 9780
1642781036853 2.388071060180664 9980
1642781039489 2.3774642944335938 10180
1642781042476 2.413640260696411 10318
1642781045016 2.416444778442383 10518
1642781047476 2.389896869659424 10718
1642781049991 2.2976527214050293 10918
1642781052571 2.525059700012207 11118
1642781055526 2.4570248126983643 11256
1642781058074 2.523052453994751 11456
1642781060615 2.5201761722564697 11656
1642781063101 2.5082104206085205 11856
1642781065542 2.3681130409240723 12056
1642781068545 2.345015525817871 12194
1642781071127 2.421701431274414 12394
1642781073645 2.3331687450408936 12594
1642781076131 2.3105313777923584 12794
1642781078665 2.338777780532837 12994
1642781081686 2.523113250732422 13132
1642781084395 2.195024013519287 13332
1642781087130 2.311073064804077 13532
1642781089853 2.4583513736724854 13732
1642781092410 2.4811506271362305 13932
1642781095470 2.44510555267334 14070
1642781098064 2.2946383953094482 14270
1642781100655 2.2866978645324707 14470
1642781103296 2.5263705253601074 14670
1642781106031 2.317361831665039 14870
1642781109423 2.4436466693878174 15008
1642781112047 2.24782133102417 15208
1642781114808 2.471921682357788 15408
1642781117385 2.4035937786102295 15608
1642781119975 2.5346121788024902 15808
1642781123037 2.383385419845581 15946
1642781125592 2.2797133922576904 16146
1642781128104 2.2376463413238525 16346
1642781130548 2.2968664169311523 16546
1642781133002 2.3174967765808105 16746
1642781136050 2.2114500999450684 16884
1642781138567 2.3777291774749756 17084
1642781141136 2.329099655151367 17284
1642781143569 2.2911202907562256 17484
1642781146119 2.4079971313476562 17684
1642781149160 2.3457744121551514 17822
1642781151676 2.5875558853149414 18022
1642781154230 2.3213303089141846 18222
1642781156767 2.2371389865875244 18422
1642781159266 2.3118300437927246 18622
1642781162235 2.2553534507751465 18760
1642781164792 2.4006845951080322 18960
1642781167313 2.3560829162597656 19160
1642781169796 2.1246166229248047 19360
1642781172360 2.3014397621154785 19560
