1642779029285 4.184542179107666 938
1642779031901 4.152013778686523 1138
1642779034498 4.06291389465332 1338
1642779037076 4.035274982452393 1538
1642779039610 3.9657504558563232 1738
1642779042806 3.852749824523926 1876
1642779045358 3.6360037326812744 2076
1642779048111 3.6169092655181885 2276
1642779050591 3.3665478229522705 2476
1642779053090 3.242173910140991 2676
1642779056064 3.2432730197906494 2814
1642779058588 3.22273850440979 3014
1642779061046 3.2259066104888916 3214
1642779063511 3.27554988861084 3414
1642779065928 3.232485771179199 3614
1642779068939 3.1801178455352783 3752
1642779071461 3.0443387031555176 3952
1642779073903 3.05193829536438 4152
1642779076387 2.9006056785583496 4352
1642779078952 2.795743942260742 4552
1642779081906 2.8508388996124268 4690
1642779084382 2.8232390880584717 4890
1642779086843 2.8144075870513916 5090
1642779089361 2.791619062423706 5290
1642779091932 2.804144859313965 5490
1642779094809 2.6854398250579834 5628
1642779097277 2.7917299270629883 5828
1642779099727 2.757020950317383 6028
1642779102153 2.8125550746917725 6228
1642779104655 2.712280750274658 6428
1642779107631 2.7215020656585693 6566
1642779110126 2.802877187728882 6766
1642779112604 2.790602445602417 6966
1642779115076 2.575944185256958 7166
1642779117473 2.730562210083008 7366
1642779120491 2.5331637859344482 7504
1642779122991 2.5108933448791504 7704
1642779125479 2.6453299522399902 7904
1642779127939 2.6662654876708984 8104
1642779130434 2.6648573875427246 8304
1642779133382 2.51059627532959 8442
1642779135861 2.4561257362365723 8642
1642779138335 2.7102460861206055 8842
1642779140855 2.4482829570770264 9042
1642779143401 2.468191146850586 9242
1642779146495 2.6546785831451416 9380
1642779149068 2.5539255142211914 9580
1642779151584 2.5130953788757324 9780
1642779154081 2.5619161128997803 9980
1642779156575 2.5784802436828613 10180
