1642778478283 4.176025390625 938
1642778480762 3.4883675575256348 1138
1642778483269 2.912067174911499 1338
1642778485711 2.7797675132751465 1538
1642778488381 2.726696491241455 1738
1642778491596 2.693153142929077 1876
1642778494112 2.606966733932495 2076
1642778496831 2.5096590518951416 2276
1642778499443 2.365913152694702 2476
1642778502115 2.3355793952941895 2676
1642778505386 2.3765015602111816 2814
1642778508116 2.3092143535614014 3014
1642778510729 2.234785556793213 3214
1642778513427 2.3304948806762695 3414
1642778516077 2.342250108718872 3614
1642778519161 2.300684928894043 3752
1642778521926 2.3465020656585693 3952
1642778524608 2.316525459289551 4152
1642778527378 2.18933367729187 4352
1642778530205 2.081139087677002 4552
1642778533366 2.217440605163574 4690
1642778536148 2.1216464042663574 4890
1642778538753 2.266282558441162 5090
1642778541367 2.109321355819702 5290
1642778543914 2.3085811138153076 5490
1642778547289 2.2938435077667236 5628
1642778549836 2.0845224857330322 5828
1642778552511 2.2183876037597656 6028
1642778555459 2.0981993675231934 6228
1642778558118 2.3262133598327637 6428
1642778561183 2.034564256668091 6566
1642778563786 2.071671962738037 6766
1642778566652 2.171039581298828 6966
1642778569257 2.1635844707489014 7166
1642778572079 2.090843677520752 7366
1642778575127 2.2144932746887207 7504
1642778577771 2.338052749633789 7704
1642778580329 2.0461764335632324 7904
1642778582984 2.094359874725342 8104
1642778585668 2.190352201461792 8304
1642778588889 2.1468303203582764 8442
1642778591600 2.121480703353882 8642
1642778594278 2.1372413635253906 8842
1642778597042 2.110637664794922 9042
1642778599671 2.1300292015075684 9242
1642778602957 1.9933571815490723 9380
1642778605687 2.299600839614868 9580
1642778608234 2.055649518966675 9780
1642778610684 2.1129143238067627 9980
1642778613496 1.9880292415618896 10180
